{
  "nbformat": 4,
  "nbformat_minor": 0,
  "metadata": {
    "colab": {
      "name": "Question 2 ipynb",
      "provenance": [],
      "authorship_tag": "ABX9TyOPgjCJr6tdtZXECzexkPkb",
      "include_colab_link": true
    },
    "kernelspec": {
      "name": "python3",
      "display_name": "Python 3"
    },
    "language_info": {
      "name": "python"
    }
  },
  "cells": [
    {
      "cell_type": "markdown",
      "metadata": {
        "id": "view-in-github",
        "colab_type": "text"
      },
      "source": [
        "<a href=\"https://colab.research.google.com/github/aaronbened/Linear-Algebra-58020/blob/main/Question_2_ipynb.ipynb\" target=\"_parent\"><img src=\"https://colab.research.google.com/assets/colab-badge.svg\" alt=\"Open In Colab\"/></a>"
      ]
    },
    {
      "cell_type": "code",
      "execution_count": 1,
      "metadata": {
        "colab": {
          "base_uri": "https://localhost:8080/"
        },
        "id": "exAgpjUrdG7p",
        "outputId": "e8566cd6-1697-4f43-92ba-b20792c4f3e8"
      },
      "outputs": [
        {
          "output_type": "stream",
          "name": "stdout",
          "text": [
            "[[ 1.44 -0.36  5.52  0.  ]\n",
            " [-0.36 10.33 -7.78  0.  ]\n",
            " [ 5.52 -7.78 28.4   9.  ]\n",
            " [ 0.    0.    9.   61.  ]]\n",
            "----------------------------------------------------------------------------------------\n",
            "[[ 7.77168524 -1.17747896 -1.92302884  0.28372557]\n",
            " [-1.17747896  0.30194402  0.32686043 -0.04822531]\n",
            " [-1.92302884  0.32686043  0.52297668 -0.07716049]\n",
            " [ 0.28372557 -0.04822531 -0.07716049  0.02777778]]\n",
            "----------------------------------------------------------------------------------------\n",
            "[[ 0.04]\n",
            " [-2.15]\n",
            " [ 0.  ]\n",
            " [ 0.88]]\n",
            "----------------------------------------------------------------------------------------\n",
            "[[ 1.00000000e+00 -4.01361614e-16 -6.30862532e-17  1.16162224e-16]\n",
            " [ 1.98370038e-15  1.00000000e+00 -1.03600104e-15  9.55168729e-17]\n",
            " [ 5.71764858e-15 -4.64905892e-16  1.00000000e+00  4.02455846e-16]\n",
            " [ 1.66533454e-16 -6.03683770e-16  4.30211422e-16  1.00000000e+00]]\n",
            "----------------------------------------------------------------------------------------\n",
            "the Unknown Variables Are:\n",
            "[[ 3.09212567]\n",
            " [-0.73871706]\n",
            " [-0.8475723 ]\n",
            " [ 0.13947788]]\n",
            "----------------------------------------------------------------------------------------\n",
            "proving:\n",
            "[[ 4.0000000e-02]\n",
            " [-2.1500000e+00]\n",
            " [ 4.4408921e-15]\n",
            " [ 8.8000000e-01]]\n"
          ]
        }
      ],
      "source": [
        "import numpy as np \n",
        "A = np.array([[1.44,-0.36,5.52,0.00],[-0.36,10.33,-7.78,0.00],[5.52,-7.78,28.40,9.00],[0.00,0.00,9.00,61.00]])\n",
        "print(A)\n",
        "print(\"----------------------------------------------------------------------------------------\")\n",
        "A_ = np.linalg.inv(A) #inverse the Matrix A\n",
        "print(A_)\n",
        "print(\"----------------------------------------------------------------------------------------\")\n",
        "B = np.array([[0.04],[-2.15],[0],[0.88]])\n",
        "print(B)\n",
        "\n",
        "#A multiply A to its inverse ----------- AA^-1X = B*A^-1\n",
        "print(\"----------------------------------------------------------------------------------------\")\n",
        "#AXA'\n",
        "AA_ = np.dot(A,A_)\n",
        "print(AA_)\n",
        "print(\"----------------------------------------------------------------------------------------\")\n",
        "#A'X B\n",
        "BA_ = np.dot(A_,B)\n",
        "print(\"the Unknown Variables Are:\")\n",
        "print(BA_)\n",
        "print(\"----------------------------------------------------------------------------------------\")\n",
        "print(\"proving:\")\n",
        "print(np.dot(A,BA_))"
      ]
    }
  ]
}